Summary Statistics:
mean: -4.109762650648385e-19
median: 0.08155365607523571
std_dev: 0.8126320251674682
min: -4.192759991488834
max: 2.8991760350700257
shapiro_statistic: 0.9852290175787877
shapiro_p_value: 1.3027679362839679e-36

Shapiro-Wilk Test for Normality:
Statistic: 0.9852290175787877
P-value: 1.3027679362839679e-36
