Summary Statistics:
mean: -1.3214000404326112e-17
median: -0.3283502248810528
std_dev: 1.0585795244071343
min: -2.270976040884041
max: 8.547118757149795
shapiro_statistic: 0.7430211461516711
shapiro_p_value: 8.713488288471018e-91

Shapiro-Wilk Test for Normality:
Statistic: 0.7430211461516711
P-value: 8.713488288471018e-91
