Summary Statistics:
mean: -0.15848396214170754
median: -0.07071451014111754
std_dev: 0.8501427907684768
min: -4.639382639242418
max: 3.672981053963652
shapiro_statistic: 0.9856652869641881
shapiro_p_value: 3.6265858854942704e-36

Shapiro-Wilk Test for Normality:
Statistic: 0.9856652869641881
P-value: 3.6265858854942704e-36
